structure(c(102779.89722, 106050.751092, 107883.320688, 107024.464404, 
108630.748512, 109067.890932, -102779.89722, -106050.751092, 
-107883.320688, -107024.464404, -108630.748512, -109067.890932, 
102779.89722, 106050.751092, 107883.320688, 107024.464404, 108630.748512, 
109067.890932), .Dim = c(6L, 3L), .Dimnames = list(NULL, c("T2", 
"T5", "T12")), index = structure(c(15568, 15569, 15572, 15573, 
15574, 15575), class = "Date"), class = "zoo")
                 T2        T5      T12
2012-08-16 102779.9 -102779.9 102779.9
2012-08-17 106050.8 -106050.8 106050.8
2012-08-20 107883.3 -107883.3 107883.3
2012-08-21 107024.5 -107024.5 107024.5
2012-08-22 108630.7 -108630.7 108630.7
2012-08-23 109067.9 -109067.9 109067.9